23 30 12 17 -1 -1 
-1 -1 -1 -1 -1 -1 
-1 -1 -1 -1 -1 -1 
-1 -1 -1 -1 -1 -1 
-1 -1 -1 -1 -1 -1 
13 16 0 -1 -1 -1 
18 28 -1 -1 -1 -1 
-1 -1 -1 -1 -1 -1 
6 -1 -1 -1 -1 -1 
6 2 -1 -1 -1 -1 
-1 -1 -1 -1 -1 -1 
13 19 -1 -1 -1 -1 
-1 -1 -1 -1 -1 -1 
6 -1 -1 -1 -1 -1 
3 -1 -1 -1 -1 -1 
-1 -1 -1 -1 -1 -1 
-1 -1 -1 -1 -1 -1 
25 29 28 -1 -1 -1 
-1 -1 -1 -1 -1 -1 
0 -1 -1 -1 -1 -1 
-1 -1 -1 -1 -1 -1 
3 -1 -1 -1 -1 -1 
-1 -1 -1 -1 -1 -1 
21 29 24 -1 -1 -1 
3 -1 -1 -1 -1 -1 
5 -1 -1 -1 -1 -1 
30 23 26 -1 -1 -1 
0 -1 -1 -1 -1 -1 
-1 -1 -1 -1 -1 -1 
-1 -1 -1 -1 -1 -1 
-1 -1 -1 -1 -1 -1 
-1 -1 -1 -1 -1 -1 
3 -1 -1 -1 -1 -1 
-1 -1 -1 -1 -1 -1 
-1 -1 -1 -1 -1 -1 
-1 -1 -1 -1 -1 -1 
-1 -1 -1 -1 -1 -1 
-1 -1 -1 -1 -1 -1 
5 -1 -1 -1 -1 -1 
-1 -1 -1 -1 -1 -1 
-1 -1 -1 -1 -1 -1 
-1 -1 -1 -1 -1 -1 
-1 -1 -1 -1 -1 -1 
-1 -1 -1 -1 -1 -1 
-1 -1 -1 -1 -1 -1 
-1 -1 -1 -1 -1 -1 
-1 -1 -1 -1 -1 -1 
2 -1 -1 -1 -1 -1 
-1 -1 -1 -1 -1 -1 
1 -1 -1 -1 -1 -1 
-1 -1 -1 -1 -1 -1 
5 -1 -1 -1 -1 -1 
-1 -1 -1 -1 -1 -1 
-1 -1 -1 -1 -1 -1 
-1 -1 -1 -1 -1 -1 
5 -1 -1 -1 -1 -1 
1 -1 -1 -1 -1 -1 
