0
1
-90.1092 -1.56109 -45.5237
0 1.79313 0
2150
-1
0
1
-74.8137 -2.07626 -66.3807
0 0.563811 0
2045
-1
0
1
-71.4642 -2.10781 -67.8061
0 0 0
2046
-1
0
0
-72.5483 -0.794415 -40.92
0 3.005 0
2108
-1
0
4
-70.1174 -0.817395 -41.4349
0 3.14159 0
2121
-1
0
3
-70.3196 -1.21838 -49.0616
0 0 0
2101
1 -1
0
4
-85.6081 0.200007 -24.488
0.0174533 0.0174533 0.0174533
2238
-1
0
5
-111.184 0.20001 -22.7578
0 1.12436 0.0174533
2875
-1
0
5
-111.534 0.20001 -25.0066
0.0174533 1.78575 0.0174533
2875
-1
0
3
-85.1676 1.14441e-05 -12.4526
0 2.31487 0.0174533
2588
-1
0
3
-83.2903 1.23978e-05 -13.5854
0.0174533 4.89427 0.0174533
2584
-1
0
3
-85.1771 1.14441e-05 -14.5867
0.0174533 0.793671 0.0174533
2588
-1
0
0
-56.4326 -0.890928 -43.3466
0.0174533 0.0174533 0.0174533
1779
-1
0
2
-67.5394 0.200004 -21.7024
0.0174533 4.29903 0.0174533
2210
-1
0
2
-106.831 0.200009 -20.4137
0 4.03447 0.0174533
2281
-1
